0.41278505325317383 
0.35830172896385193 
0.36356407403945923 
0.313436895608902 
0.3055145740509033 
0.249979168176651 
0.2551300525665283 
0.2582107186317444 
0.24757155776023865 
0.270802766084671 
0.22982563078403473 
0.23700182139873505 
0.23340155184268951 
0.26187509298324585 
0.21394206583499908 
0.21920353174209595 
0.2397414892911911 
0.26191598176956177 
0.21852600574493408 
0.24579262733459473 
0.21057197451591492 
0.205154150724411 
0.23259076476097107 
0.2205987125635147 
0.23987311124801636 
0.2310028374195099 
0.21236591041088104 
0.22727273404598236 
0.22266340255737305 
0.20615637302398682 
0.2018306404352188 
0.23518434166908264 
0.2100067436695099 
0.22018513083457947 
0.20745572447776794 
0.24405403435230255 
0.21909530460834503 
0.21420270204544067 
0.20858728885650635 
0.21587833762168884 
0.1876334249973297 
0.2060716599225998 
0.19932244718074799 
0.2344052642583847 
0.1990201324224472 
0.22303268313407898 
0.21940878033638 
0.18065360188484192 
0.20431947708129883 
0.21536807715892792 
0.1670762300491333 
0.1676304042339325 
0.15813446044921875 
0.20548483729362488 
0.19146084785461426 
0.18248216807842255 
0.16882798075675964 
0.19025401771068573 
0.16338777542114258 
0.21603769063949585 
0.15826568007469177 
0.21811261773109436 
0.16521768271923065 
0.18020421266555786 
0.20375145971775055 
0.14785563945770264 
0.1735866367816925 
0.15179002285003662 
0.19017112255096436 
0.17385311424732208 
0.18439629673957825 
0.200476735830307 
0.17432039976119995 
0.16580718755722046 
0.18815945088863373 
0.17119726538658142 
0.1686369776725769 
0.16744421422481537 
0.17636266350746155 
0.1836146116256714 
0.13946416974067688 
0.16202372312545776 
0.1513640582561493 
0.1549113541841507 
0.16203172504901886 
0.1726946085691452 
0.15145999193191528 
0.17043271660804749 
0.1543731391429901 
0.17373709380626678 
0.14168128371238708 
0.1816815733909607 
0.16344304382801056 
0.1303173154592514 
0.15871280431747437 
0.17888502776622772 
0.1458238810300827 
0.17866113781929016 
0.14526695013046265 
0.1554090529680252 
0.1477401852607727 
0.15648776292800903 
0.15936832129955292 
0.145219624042511 
0.13576644659042358 
0.134841650724411 
0.15772420167922974 
0.12660014629364014 
0.131588876247406 
0.1297248899936676 
0.111517533659935 
0.14404135942459106 
0.14937236905097961 
0.13113068044185638 
0.13006502389907837 
0.13203322887420654 
0.12082335352897644 
0.10681156069040298 
0.11972983181476593 
0.13140779733657837 
0.11326718330383301 
0.12366633117198944 
0.14574742317199707 
0.12310545146465302 
0.12370357662439346 
0.10859806835651398 
0.0963917225599289 
0.10897508263587952 
0.13272246718406677 
0.14707410335540771 
0.10032385587692261 
0.1010279431939125 
0.10503233969211578 
0.0967833399772644 
0.09336164593696594 
0.12236157059669495 
0.09343083947896957 
0.09998145699501038 
0.11302929371595383 
0.09247563779354095 
0.10214398801326752 
0.1114649549126625 
0.10311663150787354 
0.11099080741405487 
0.10815387219190598 
0.10438808798789978 
0.09371188282966614 
0.10865390300750732 
0.09232774376869202 
0.09634966403245926 
0.09676231443881989 
0.09528893977403641 
0.09269335865974426 
0.09011083096265793 
0.10811962187290192 
0.07833266258239746 
0.1058119460940361 
0.0928807258605957 
0.08026237785816193 
0.07629599422216415 
0.09259193390607834 
0.08456439524888992 
0.09815859794616699 
0.06672288477420807 
0.061548713594675064 
0.06349468976259232 
0.07189397513866425 
0.08204950392246246 
0.09440665692090988 
0.06648708134889603 
0.0813634842634201 
0.0764441043138504 
0.09806917607784271 
0.0807570293545723 
0.08347247540950775 
0.07288786768913269 
0.08001767843961716 
0.07519342005252838 
0.07694406807422638 
0.08304218202829361 
0.0781792551279068 
0.06975474208593369 
0.06677223742008209 
0.07405568659305573 
0.06667183339595795 
0.06391891837120056 
0.08595483005046844 
0.07095284014940262 
0.06837229430675507 
0.07703198492527008 
0.062438130378723145 
0.08180636167526245 
0.06373146921396255 
0.06064721196889877 
0.08264734596014023 
0.06127114221453667 
0.06281615793704987 
0.06237856298685074 
0.060634929686784744 
0.050427623093128204 
0.07012589275836945 
0.054919421672821045 
0.06761900335550308 
0.057176824659109116 
0.05977337807416916 
0.058864329010248184 
0.05555015057325363 
0.07417014241218567 
0.06906282901763916 
0.06163759529590607 
0.05447539687156677 
0.0557917021214962 
0.05526984483003616 
0.06018241122364998 
0.064906544983387 
0.06747014820575714 
0.05577205866575241 
0.06385505199432373 
0.061562877148389816 
0.0519433319568634 
0.052197448909282684 
0.052744705229997635 
0.060018569231033325 
0.04998625069856644 
0.05042193457484245 
0.05028928071260452 
0.04184805229306221 
0.06125618517398834 
0.046432122588157654 
0.05142945051193237 
0.054495345801115036 
0.05143023282289505 
0.04594790190458298 
0.03857323154807091 
0.043465159833431244 
0.06159570813179016 
0.057054899632930756 
0.05799345299601555 
0.050872255116701126 
0.05913632735610008 
0.05357327684760094 
0.043591149151325226 
0.05174657329916954 
0.05337047576904297 
0.045818399637937546 
0.05221414566040039 
0.040791720151901245 
0.05696338415145874 
0.061845146119594574 
0.04422447830438614 
0.0546017624437809 
0.05158442631363869 
0.04801102355122566 
0.04852013662457466 
0.037928398698568344 
0.0403028167784214 
0.045084260404109955 
0.04699098318815231 
0.04714478552341461 
0.0456218458712101 
0.05004756897687912 
0.04472905024886131 
0.03893592953681946 
0.05106276646256447 
0.03973807394504547 
0.052668023854494095 
0.04133223742246628 
0.04827803373336792 
0.05583137273788452 
0.04868948459625244 
0.04801802337169647 
0.05172257497906685 
0.039083827286958694 
0.05368783697485924 
0.051866013556718826 
0.04963850975036621 
0.04247341305017471 
0.040915023535490036 
0.05761489272117615 
0.04984549805521965 
0.05003698915243149 
0.03811690956354141 
0.04510609805583954 
0.041074108332395554 
0.05296781659126282 
0.04782163351774216 
0.04767858237028122 
0.045667748898267746 
0.04860598221421242 
0.044156260788440704 
0.03759739547967911 
0.044111885130405426 
0.03774753957986832 
0.048689186573028564 
0.044227395206689835 
0.04423389956355095 
0.044603437185287476 
0.03983214870095253 
0.03895951807498932 
0.050814688205718994 
0.03360810503363609 
0.04687172919511795 
0.037788279354572296 
0.04474011808633804 
0.05307944118976593 
0.03906175121665001 
0.037672027945518494 
0.04761405661702156 
0.04690282419323921 
0.04719531163573265 
0.05023160204291344 
0.04145071655511856 
0.04325267672538757 
0.046134430915117264 
0.046328235417604446 
0.034956514835357666 
0.03544705733656883 
0.04130380228161812 
0.03716824948787689 
0.03445414453744888 
0.03959506377577782 
0.04298713430762291 
0.04186634719371796 
0.04017997905611992 
0.03417564928531647 
0.040776077657938004 
0.03427170217037201 
0.04142317548394203 
0.03370130434632301 
0.03777854144573212 
0.042395032942295074 
0.029419906437397003 
0.049461670219898224 
0.035785429179668427 
0.03047695942223072 
0.03303299471735954 
0.03121413290500641 
0.033614058047533035 
0.03498302400112152 
0.034708693623542786 
0.03641432523727417 
0.03153757005929947 
0.03531113639473915 
0.03571026027202606 
0.039214566349983215 
0.04295777156949043 
0.03586931154131889 
0.041550785303115845 
0.03365366905927658 
0.037949979305267334 
0.029274890199303627 
0.04016486182808876 
0.043926820158958435 
0.027969952672719955 
0.03363809734582901 
0.03416241705417633 
0.026748444885015488 
0.028651216998696327 
0.034614335745573044 
0.039418868720531464 
0.027407076209783554 
0.030542710795998573 
0.03256192058324814 
0.03514024615287781 
0.03380066156387329 
0.03578996658325195 
0.027707185596227646 
0.0328182652592659 
0.033276330679655075 
0.04023910313844681 
0.030651744455099106 
0.03500201180577278 
0.020156487822532654 
0.026110118255019188 
0.042369939386844635 
0.035072583705186844 
0.03396516665816307 
0.03198428452014923 
0.03056735172867775 
0.028499139472842216 
0.032317858189344406 
0.03092287853360176 
0.02973278984427452 
0.0334620364010334 
0.03373998776078224 
0.032714445143938065 
0.028487084433436394 
0.026959829032421112 
0.03774378448724747 
0.03637594357132912 
0.03168419748544693 
0.033573444932699203 
0.034477028995752335 
0.02392231486737728 
0.034323111176490784 
0.02844313532114029 
0.03226986154913902 
0.03442009538412094 
0.03442174568772316 
0.0316895917057991 
0.040912747383117676 
0.03243648260831833 
0.026844985783100128 
0.03575308248400688 
0.026913957670331 
0.03329816833138466 
0.031202884390950203 
0.027045000344514847 
0.03332299739122391 
0.025015806779265404 
0.02723522111773491 
0.03323866426944733 
0.036167826503515244 
0.029255036264657974 
0.02686678245663643 
0.029452424496412277 
0.026751911267638206 
0.03102007508277893 
0.026974044740200043 
0.0342693068087101 
0.02996772900223732 
0.031753674149513245 
0.024425067007541656 
0.04334957152605057 
0.03433464840054512 
0.045001573860645294 
0.03964482247829437 
0.0326586477458477 
0.03584594279527664 
0.022888975217938423 
0.03778954967856407 
0.03005637228488922 
0.03166055679321289 
0.029819529503583908 
0.03200554475188255 
0.0394832119345665 
0.028025928884744644 
0.022208040580153465 
0.03372584283351898 
0.04183511435985565 
0.02869323082268238 
0.029978072270751 
0.033109959214925766 
0.03031974658370018 
0.041051167994737625 
0.0340241976082325 
0.034768227487802505 
0.026569154113531113 
0.026660911738872528 
0.03037777915596962 
0.029094133526086807 
0.025727692991495132 
0.042729757726192474 
0.029749901965260506 
0.03061632812023163 
0.034759338945150375 
0.03038495033979416 
0.03250417858362198 
0.024909405037760735 
0.030266884714365005 
0.029899057000875473 
0.03678765147924423 
0.027090154588222504 
0.03335162252187729 
0.028331132605671883 
0.04457895830273628 
0.034213148057460785 
0.040038660168647766 
0.02734573371708393 
0.042781632393598557 
0.033757686614990234 
0.030200917273759842 
0.034740470349788666 
0.03953961282968521 
0.02999117597937584 
0.03164657950401306 
0.0365917906165123 
0.02631121315062046 
0.026326991617679596 
0.028617309406399727 
0.03629099577665329 
0.033516593277454376 
0.024853626266121864 
0.0350007489323616 
0.034566424787044525 
0.03185393661260605 
0.03364333510398865 
0.03248286992311478 
0.02661924809217453 
0.033766359090805054 
0.030193932354450226 
0.028000328689813614 
0.03584671393036842 
0.02966785617172718 
0.033738844096660614 
0.024682773277163506 
0.04203374683856964 
0.03554660081863403 
0.03764163702726364 
0.03960279002785683 
0.03214281424880028 
0.029087919741868973 
0.03699379786849022 
0.040114253759384155 
0.036775313317775726 
0.03167164325714111 
0.027187295258045197 
0.03926825523376465 
0.03319083899259567 
0.028455916792154312 
0.02987971529364586 
0.03413892164826393 
0.027864068746566772 
0.034284744411706924 
0.03437565639615059 
0.03587687760591507 
0.030170705169439316 
0.03251079469919205 
0.032432667911052704 
0.028239339590072632 
0.02199452556669712 
0.03894808143377304 
0.04188958555459976 
0.03154417872428894 
0.037954214960336685 
0.0380137637257576 
0.023299986496567726 
0.03754299506545067 
0.029819978401064873 
0.027349980548024178 
0.04167833924293518 
0.03803347796201706 
0.03393704444169998 
0.03106287308037281 
0.034806497395038605 
0.03806149959564209 
0.035681191831827164 
0.03149977698922157 
0.036384716629981995 
0.03310484439134598 
0.03797962889075279 
0.04097605496644974 
0.02955549955368042 
0.03585793450474739 
0.02444642037153244 
0.04038615524768829 
0.029170019552111626 
0.030627910047769547 
0.02854813076555729 
0.04085470736026764 
0.027833471074700356 
0.036455944180488586 
0.029800962656736374 
0.03364261984825134 
0.02759796939790249 
0.03317151218652725 
0.03261779621243477 
0.02598552033305168 
0.02533854730427265 
0.033795710653066635 
0.034555163234472275 
0.025676732882857323 
0.029084190726280212 
0.030931387096643448 
0.029933122918009758 
0.036891136318445206 
0.030174916610121727 
0.03332351893186569 
0.029434341937303543 
0.04152589291334152 
0.034142494201660156 
0.022288288921117783 
0.02851215749979019 
0.030350109562277794 
0.03600480407476425 
0.026911497116088867 
0.031117325648665428 
0.016810249537229538 
0.024935282766819 
0.02528199553489685 
0.022149397060275078 
0.027438972145318985 
0.019777759909629822 
0.02351275086402893 
0.03320131450891495 
0.021475883200764656 
0.018734633922576904 
0.026647718623280525 
0.029290437698364258 
0.025465581566095352 
0.018373796716332436 
0.024234868586063385 
0.020505033433437347 
0.021270621567964554 
0.020895712077617645 
0.02227029763162136 
0.01976795122027397 
0.017490295693278313 
0.024766819551587105 
0.023755738511681557 
0.023939765989780426 
0.030917206779122353 
0.02192363515496254 
0.038147419691085815 
0.023260721936821938 
0.02819373831152916 
0.027735479176044464 
0.027802452445030212 
0.027790609747171402 
0.034838445484638214 
0.02252650447189808 
0.019876915961503983 
0.023857492953538895 
0.02590586245059967 
0.028095733374357224 
0.021108850836753845 
0.02402329444885254 
0.02632865309715271 
0.021651174873113632 
0.0208593737334013 
0.024612877517938614 
0.030280934646725655 
0.029430896043777466 
0.03164655715227127 
0.02319011092185974 
0.024759583175182343 
0.029132308438420296 
0.02244669571518898 
0.02030067890882492 
0.023042581975460052 
0.029916178435087204 
0.021102599799633026 
0.021155983209609985 
0.023524072021245956 
0.02599196881055832 
0.02134423889219761 
0.0359526127576828 
0.02083943597972393 
0.02237318456172943 
0.026637304574251175 
0.01901710405945778 
0.028939347714185715 
0.024402400478720665 
0.028543241322040558 
0.026990631595253944 
0.02479441463947296 
0.02185545489192009 
0.02710149809718132 
0.022995255887508392 
0.020121805369853973 
0.028118649497628212 
0.026964634656906128 
0.02579161897301674 
0.026368167251348495 
0.028225397691130638 
0.02988640032708645 
0.03081451542675495 
0.039375998079776764 
0.023168178275227547 
0.02303062193095684 
0.02141323871910572 
0.027136698365211487 
0.017317544668912888 
0.02465304359793663 
0.029660703614354134 
0.02709229104220867 
0.017280932515859604 
0.02414432168006897 
0.02710292860865593 
0.022842083126306534 
0.022003088146448135 
0.021719470620155334 
0.01631823740899563 
0.02286481484770775 
0.03297320380806923 
0.021186720579862595 
0.014845933765172958 
0.024435987696051598 
0.022889401763677597 
0.03679747134447098 
0.020790569484233856 
0.02661297097802162 
0.02631194330751896 
0.023117445409297943 
0.02722197398543358 
0.024325227364897728 
0.026001866906881332 
0.019563335925340652 
0.02642747387290001 
0.020883366465568542 
0.02562861144542694 
0.020007513463497162 
0.024942290037870407 
0.029001109302043915 
0.02698402665555477 
0.024273667484521866 
0.03213055431842804 
0.02492767944931984 
0.01416376419365406 
0.021110190078616142 
0.020680701360106468 
0.023241158574819565 
0.02922855317592621 
0.02486111968755722 
0.021451592445373535 
0.026155557483434677 
0.02244919165968895 
0.026505935937166214 
0.021590108051896095 
0.015377765521407127 
0.02337588183581829 
0.027643904089927673 
0.03142809867858887 
0.02538388781249523 
0.02060277760028839 
0.01781318336725235 
0.02691774256527424 
0.01802479289472103 
0.025464503094553947 
0.021250613033771515 
0.024784835055470467 
0.03190585970878601 
0.022800704464316368 
0.02908216416835785 
0.020988838747143745 
0.019495347514748573 
0.02243506908416748 
0.019567159935832024 
0.016109775751829147 
0.02534729614853859 
0.017256952822208405 
0.018987836316227913 
0.027760352939367294 
0.01477829460054636 
0.024005983024835587 
0.016518164426088333 
0.01778111420571804 
0.01756954751908779 
0.020640090107917786 
0.012759285978972912 
0.02109486795961857 
0.01685331203043461 
0.02074572443962097 
0.013558177277445793 
0.018759049475193024 
0.014604583382606506 
0.01775282807648182 
0.017781859263777733 
0.018946906551718712 
0.01946740597486496 
0.021505355834960938 
0.020247749984264374 
0.01846390590071678 
0.022166576236486435 
0.014884785749018192 
0.01570240594446659 
0.01972765102982521 
0.01686238870024681 
0.015002014115452766 
0.019338317215442657 
0.016414038836956024 
0.016838736832141876 
0.014579362235963345 
0.01778021827340126 
0.019730277359485626 
0.012021628208458424 
0.01720852591097355 
0.020923737436532974 
0.015674104914069176 
0.026671741157770157 
0.012796681374311447 
0.010826590470969677 
0.018282437697052956 
0.013764910399913788 
0.011768341064453125 
0.012810545042157173 
0.017439085990190506 
0.012128932401537895 
0.01841174066066742 
0.017428454011678696 
0.024066364392638206 
0.021440666168928146 
0.014281115494668484 
0.02497764676809311 
0.018088359385728836 
0.02333611249923706 
0.021816730499267578 
0.01693977601826191 
0.019381485879421234 
0.018038246780633926 
0.02089783176779747 
0.01929561421275139 
0.020531006157398224 
0.01586315780878067 
0.013918892480432987 
0.024838410317897797 
0.01592029631137848 
0.021001972258090973 
0.01423972100019455 
0.021146612241864204 
0.0265316441655159 
0.015918849036097527 
0.01186712458729744 
0.014327767305076122 
0.014507744461297989 
0.012383081950247288 
0.016861284151673317 
0.016398251056671143 
0.016365069895982742 
0.029467683285474777 
0.01768815517425537 
0.02338504046201706 
0.024420861154794693 
0.016157394275069237 
0.017752453684806824 
0.022019557654857635 
0.018813496455550194 
0.01846177503466606 
0.017948199063539505 
0.013376504182815552 
0.015275878831744194 
0.017319200560450554 
0.015675120055675507 
0.017749426886439323 
0.01701497659087181 
0.01349536795169115 
0.02404387667775154 
0.015088037587702274 
0.020077530294656754 
0.019733581691980362 
0.018229052424430847 
0.013776568695902824 
0.020435303449630737 
0.012271661311388016 
0.021318092942237854 
0.014217031188309193 
0.0240200012922287 
0.014291968196630478 
0.025343798100948334 
0.017480967566370964 
0.022247090935707092 
0.016388598829507828 
0.016912387683987617 
0.012623684480786324 
0.020412106066942215 
0.01496924553066492 
0.014569813385605812 
0.015019264072179794 
0.017793651670217514 
0.021986017003655434 
0.02018318511545658 
0.012900534085929394 
0.01989378035068512 
0.020761817693710327 
0.041919101029634476 
0.03586023673415184 
0.016431961208581924 
0.02758950926363468 
0.029721587896347046 
0.026392336934804916 
0.021132633090019226 
0.023215606808662415 
0.02717673033475876 
0.026090987026691437 
0.024323362857103348 
0.026856781914830208 
0.026939857751131058 
0.026634011417627335 
0.021643344312906265 
0.03340951353311539 
0.014938350766897202 
0.021321453154087067 
0.027997341006994247 
0.022000441327691078 
0.02301374264061451 
0.018131138756871223 
0.027538973838090897 
0.02054658718407154 
0.024193326011300087 
0.01755058951675892 
0.015371850691735744 
0.029658056795597076 
0.022147161886096 
0.019249631091952324 
0.02670830488204956 
0.021018991246819496 
0.021956156939268112 
0.026059942319989204 
0.02093200758099556 
0.03162257373332977 
0.023472273722290993 
0.033419765532016754 
0.027230307459831238 
0.018088115379214287 
0.01969163492321968 
0.02498185634613037 
0.022590581327676773 
0.022155726328492165 
0.026471097022294998 
0.019659165292978287 
0.024374758824706078 
0.019951170310378075 
0.021111924201250076 
0.02845500409603119 
0.01713455840945244 
0.016454152762889862 
0.02531130611896515 
0.02245604805648327 
0.018060175701975822 
0.02381781116127968 
0.021194299682974815 
0.017355605959892273 
0.023990996181964874 
0.019490253180265427 
0.019079921767115593 
0.01455477625131607 
0.01910657249391079 
0.028392713516950607 
0.017508042976260185 
0.022792983800172806 
0.024076415225863457 
0.021031014621257782 
0.023937534540891647 
0.025807145982980728 
0.015152312815189362 
0.016158368438482285 
0.01983640529215336 
0.021709199994802475 
0.01844482310116291 
0.02726067416369915 
0.023116756230592728 
0.022421937435865402 
0.025716854259371758 
0.020082492381334305 
0.020887751132249832 
0.019136175513267517 
0.018659038469195366 
0.012265617027878761 
0.027096550911664963 
0.025754433125257492 
0.02713923528790474 
0.034631576389074326 
0.014342714101076126 
0.02291952446103096 
0.027762681245803833 
0.03627295792102814 
0.019453616812825203 
0.03542070835828781 
0.01870814710855484 
0.02437495067715645 
0.017057066783308983 
0.0169635359197855 
0.023063991218805313 
0.021125152707099915 
0.017122961580753326 
0.020205864682793617 
0.02113751694560051 
0.01801062375307083 
0.0183224156498909 
0.018376067280769348 
0.025881780311465263 
0.0252186581492424 
0.015803813934326172 
0.020398031920194626 
0.015507140196859837 
0.022970428690314293 
0.028139403089880943 
0.025167416781187057 
0.017712099477648735 
0.022530484944581985 
0.016161583364009857 
0.02750501036643982 
0.021463077515363693 
0.021023038774728775 
0.013506468385457993 
0.02838338166475296 
0.020810820162296295 
0.02529643289744854 
0.022474363446235657 
0.023035727441310883 
0.025153279304504395 
0.018503930419683456 
0.0284133143723011 
0.02816205471754074 
0.013704118318855762 
0.026316676288843155 
0.019908707588911057 
0.025180060416460037 
0.019745996221899986 
0.030051644891500473 
0.023553334176540375 
0.0305335596203804 
0.024915799498558044 
0.023095838725566864 
0.02976452372968197 
0.02614019438624382 
0.028683623299002647 
0.022927118465304375 
0.029517069458961487 
0.017899036407470703 
