0.7885358333587646 
0.4857129156589508 
0.35603246092796326 
0.28055882453918457 
0.28373095393180847 
0.24066494405269623 
0.22320342063903809 
0.20000962913036346 
0.2079344391822815 
0.2016897201538086 
0.19193848967552185 
0.21410557627677917 
0.18171632289886475 
0.1539384424686432 
0.1880735605955124 
0.1882012039422989 
0.1631585955619812 
0.1850546896457672 
0.21312308311462402 
0.17088808119297028 
0.1734202355146408 
0.19347470998764038 
0.167649507522583 
0.16846370697021484 
0.14092428982257843 
0.15220126509666443 
0.1727464199066162 
0.18483060598373413 
0.16343344748020172 
0.1637236475944519 
0.19776827096939087 
0.18798591196537018 
0.22194598615169525 
0.14249920845031738 
0.1383451223373413 
0.18854723870754242 
0.13356012105941772 
0.20907533168792725 
0.19764432311058044 
0.19477136433124542 
0.1978808045387268 
0.18533387780189514 
0.19336122274398804 
0.2012404203414917 
0.1995348483324051 
0.20157533884048462 
0.23570075631141663 
0.19812297821044922 
0.16722573339939117 
0.18780651688575745 
0.25668156147003174 
0.24153923988342285 
0.2620525360107422 
0.20041924715042114 
0.18229050934314728 
0.22118696570396423 
0.30529022216796875 
0.24394893646240234 
0.2162906676530838 
0.21055325865745544 
0.20761126279830933 
0.2330266684293747 
0.22330769896507263 
0.21300823986530304 
0.2379903495311737 
0.25249865651130676 
0.22045168280601501 
0.21389292180538177 
0.238530233502388 
0.23168602585792542 
0.2647380232810974 
0.27544933557510376 
0.2730165719985962 
0.23771704733371735 
0.21944035589694977 
0.24201783537864685 
0.24366888403892517 
0.24727028608322144 
0.26006096601486206 
0.25319522619247437 
0.31210505962371826 
0.26856210827827454 
0.3034934401512146 
0.24603503942489624 
0.27150657773017883 
0.27691972255706787 
0.29559722542762756 
0.30476924777030945 
0.2819886803627014 
0.30018627643585205 
0.32115480303764343 
0.29403525590896606 
0.2968400716781616 
0.3055090010166168 
0.32769113779067993 
0.3414205014705658 
0.37213557958602905 
0.3223571479320526 
0.2738089859485626 
0.3303249776363373 
0.31604960560798645 
0.3117836117744446 
0.34552597999572754 
0.3495514988899231 
0.3216415047645569 
0.3216029703617096 
0.3103060722351074 
0.3393480181694031 
0.4079321026802063 
0.34904196858406067 
0.37559452652931213 
0.3695310652256012 
0.3373047113418579 
0.35578763484954834 
0.3606536388397217 
0.37429288029670715 
0.36807718873023987 
0.3881969153881073 
0.40926313400268555 
0.3916547894477844 
0.37276211380958557 
0.3582744002342224 
0.3641420006752014 
0.379971981048584 
0.3987215757369995 
0.3591034412384033 
0.3744290769100189 
0.38163694739341736 
0.4251883625984192 
0.4047289490699768 
0.3757149577140808 
0.38429829478263855 
0.40987837314605713 
0.41603410243988037 
0.364841490983963 
0.3839583396911621 
0.4050822854042053 
0.43093350529670715 
0.385022908449173 
0.4099552035331726 
0.3965965509414673 
0.43700623512268066 
0.4133896827697754 
0.41790151596069336 
0.4385288953781128 
0.42058610916137695 
0.4197183847427368 
0.3980047404766083 
0.45792996883392334 
0.458560049533844 
0.4428620934486389 
0.43338459730148315 
0.4198145866394043 
0.43087238073349 
0.40383243560791016 
0.43041878938674927 
0.4475787281990051 
0.4010831415653229 
0.4313533902168274 
0.43447449803352356 
0.41526567935943604 
0.4126490354537964 
0.4166222810745239 
0.38908103108406067 
0.3934900760650635 
0.408159077167511 
0.4071444869041443 
0.4060481786727905 
0.4170307219028473 
0.38593727350234985 
0.45103389024734497 
0.4161432385444641 
0.42013615369796753 
0.41314059495925903 
0.3795452117919922 
0.44627752900123596 
0.4407694339752197 
0.41538041830062866 
0.4484529197216034 
0.4162995219230652 
0.3951495289802551 
0.39321964979171753 
0.42715203762054443 
0.4119889736175537 
0.4085392951965332 
0.4242638945579529 
0.41890639066696167 
0.45496779680252075 
0.4045426845550537 
0.4387432932853699 
0.42140132188796997 
0.4283927381038666 
0.4295453429222107 
0.4101794362068176 
0.4163345694541931 
0.4221365451812744 
0.43056219816207886 
0.38629233837127686 
0.4661675989627838 
0.403850257396698 
0.4011128544807434 
0.4569171965122223 
0.41462135314941406 
0.42867594957351685 
0.3860856294631958 
0.4258510172367096 
0.3930259048938751 
0.3941194713115692 
0.41538503766059875 
0.39363405108451843 
0.4044947624206543 
0.36750227212905884 
0.37911200523376465 
0.4067327380180359 
0.38092172145843506 
0.3905769884586334 
0.3975519835948944 
0.36958128213882446 
0.3311612606048584 
0.34433433413505554 
0.3602665960788727 
0.39852407574653625 
0.3413008153438568 
0.3432185649871826 
0.40449246764183044 
0.34221118688583374 
0.33100050687789917 
0.3579944372177124 
0.33549946546554565 
0.3334171772003174 
0.3591850996017456 
0.33180367946624756 
0.31829434633255005 
0.31956011056900024 
0.3172042965888977 
0.38588404655456543 
0.3292102813720703 
0.370187371969223 
0.3330649137496948 
0.28666186332702637 
0.3364580571651459 
0.3357725739479065 
0.3328145742416382 
0.31460243463516235 
0.29641181230545044 
0.3178330063819885 
0.32654687762260437 
0.28385215997695923 
0.3111591041088104 
0.279992938041687 
0.2823036313056946 
0.31392237544059753 
0.27482759952545166 
0.32476770877838135 
0.2757607400417328 
0.2623215317726135 
0.25867512822151184 
0.2744373679161072 
0.28214216232299805 
0.2752257287502289 
0.27275094389915466 
0.27104032039642334 
0.24070584774017334 
0.24265743792057037 
0.29754945635795593 
0.23430603742599487 
0.2482198178768158 
0.26110076904296875 
0.2378951609134674 
0.22114741802215576 
0.2234257459640503 
0.24184739589691162 
0.2336822748184204 
0.24391666054725647 
0.21665935218334198 
0.2327333390712738 
0.25115513801574707 
0.22557374835014343 
0.2321709841489792 
0.21318958699703217 
0.23627004027366638 
0.23491372168064117 
0.23312078416347504 
0.20448708534240723 
0.20487944781780243 
0.2228095680475235 
0.20538105070590973 
0.17595389485359192 
0.2016506940126419 
0.2067045420408249 
0.17776691913604736 
0.17737115919589996 
0.15990836918354034 
0.17884443700313568 
0.1894097775220871 
0.1704508364200592 
0.14703784883022308 
0.18973734974861145 
0.17719027400016785 
0.17611756920814514 
0.1705673187971115 
0.14882957935333252 
0.17013739049434662 
0.15847593545913696 
0.14768221974372864 
0.17435969412326813 
0.14892134070396423 
0.1435774266719818 
0.1563580334186554 
0.19263306260108948 
0.13365142047405243 
0.1500883400440216 
0.15624210238456726 
0.1352347731590271 
0.14600352942943573 
0.15490254759788513 
0.14707088470458984 
0.16058412194252014 
0.14816701412200928 
0.13510018587112427 
0.15114964544773102 
0.15355807542800903 
0.1678679883480072 
0.1318931132555008 
0.15319058299064636 
0.14008954167366028 
0.1380871683359146 
0.13135647773742676 
0.12806691229343414 
0.15668317675590515 
0.139739528298378 
0.1523863524198532 
0.14132289588451385 
0.12948785722255707 
0.09876382350921631 
0.12430299073457718 
0.1400626301765442 
0.10670239478349686 
0.1261911690235138 
0.13023775815963745 
0.15599870681762695 
0.1295492947101593 
0.12898726761341095 
0.13065776228904724 
0.12599200010299683 
0.13452233374118805 
0.11691297590732574 
0.1262032687664032 
0.12155549973249435 
0.1275562196969986 
0.10035906732082367 
0.10178247094154358 
0.11726853251457214 
0.15300099551677704 
0.12796655297279358 
0.10611212998628616 
0.12334543466567993 
0.1101827323436737 
0.11189724504947662 
0.13770702481269836 
0.10356728732585907 
0.13353218138217926 
0.1137588769197464 
0.09468034654855728 
0.09018594771623611 
0.102805957198143 
0.11484663188457489 
0.11474394798278809 
0.11426831781864166 
0.11660046875476837 
0.08658870309591293 
0.12111645936965942 
0.09513166546821594 
0.12476113438606262 
0.11742772161960602 
0.10061684250831604 
0.11673812568187714 
0.09648825228214264 
0.09586793184280396 
0.12031953781843185 
0.10901881754398346 
0.1036301702260971 
0.10940567404031754 
0.1109481155872345 
0.11599908024072647 
0.09532517194747925 
0.1015038788318634 
0.10191820561885834 
0.09836946427822113 
0.10349734127521515 
0.09254170954227448 
0.10286909341812134 
0.10933907330036163 
0.09508173167705536 
0.10538357496261597 
0.09523863345384598 
0.09759323298931122 
0.1006508320569992 
0.1016286313533783 
0.09794202446937561 
0.09981600940227509 
0.09253592789173126 
0.09450564533472061 
0.10291236639022827 
0.08155587315559387 
0.08590006828308105 
0.0826251357793808 
0.07702276855707169 
0.08196447789669037 
0.07469114661216736 
0.08272913843393326 
0.09710684418678284 
0.07242044061422348 
0.08009515702724457 
0.07527221739292145 
0.08304257690906525 
0.07314005494117737 
0.09721631556749344 
0.07822620868682861 
0.07617223262786865 
0.06904818117618561 
0.10010145604610443 
0.07336306571960449 
0.07918769866228104 
0.08835405856370926 
0.07066444307565689 
0.09493564814329147 
0.0647159144282341 
0.07626695930957794 
0.06508510559797287 
0.08529753237962723 
0.08181165158748627 
0.07601812481880188 
0.0878700315952301 
0.09019681066274643 
0.07220165431499481 
0.08468727767467499 
0.08120036125183105 
0.07721930742263794 
0.0625060647726059 
0.06688594818115234 
0.07282751798629761 
0.07751673460006714 
0.061830200254917145 
0.06590885668992996 
0.08317314833402634 
0.07996686547994614 
0.07493177056312561 
0.06402703374624252 
0.07521551102399826 
0.07796284556388855 
0.07118973881006241 
0.081952765583992 
0.09053345024585724 
0.06181705743074417 
0.051165372133255005 
0.05853179469704628 
0.06154662370681763 
0.0561499297618866 
0.05508783459663391 
0.06714972108602524 
0.07155441492795944 
0.059884026646614075 
0.06149452179670334 
0.07118232548236847 
0.06094350293278694 
0.05628858134150505 
0.07359873503446579 
0.06458510458469391 
0.06191440671682358 
0.06460525095462799 
0.07717496156692505 
0.07337796688079834 
0.06201516464352608 
0.06289786100387573 
0.0584898442029953 
0.055896271020174026 
0.07489657402038574 
0.05930958688259125 
0.060619011521339417 
0.0513315387070179 
0.05230871960520744 
0.053402870893478394 
0.06766686588525772 
0.06306309998035431 
0.06523001194000244 
0.05224406719207764 
0.06699687242507935 
0.05653460696339607 
0.06467294692993164 
0.06099626049399376 
0.06261960417032242 
0.04948297142982483 
0.05698094144463539 
0.045096445828676224 
0.04780055582523346 
0.06806286424398422 
0.0628136396408081 
0.06008923053741455 
0.054679665714502335 
0.06328916549682617 
0.05602145195007324 
0.055451661348342896 
0.05484287440776825 
0.05910033732652664 
0.06982792913913727 
0.051520366221666336 
0.060839392244815826 
0.05329807847738266 
0.0576540045440197 
0.04254110902547836 
0.0471741259098053 
0.05944913625717163 
0.04556015133857727 
0.05526924133300781 
0.05374213308095932 
0.04884415119886398 
0.04573972150683403 
0.04996829479932785 
0.052916452288627625 
0.054263196885585785 
0.05241502821445465 
0.04033203050494194 
0.055239323526620865 
0.04377973824739456 
0.04595886170864105 
0.040872760117053986 
0.05150599405169487 
0.05004638060927391 
0.04841316118836403 
0.05000150948762894 
0.053726162761449814 
0.05374346673488617 
0.04865729436278343 
0.04955130070447922 
0.044828176498413086 
0.051424458622932434 
0.0471523143351078 
0.047260403633117676 
0.04783076047897339 
0.04355965927243233 
0.03596087917685509 
0.04426294192671776 
0.06012221425771713 
0.038585685193538666 
0.042494844645261765 
0.04009721428155899 
0.043384045362472534 
0.048837073147296906 
0.05112551152706146 
0.04761951044201851 
0.055469807237386703 
0.04539169371128082 
0.045246876776218414 
0.04895339161157608 
0.0417652353644371 
0.038007576018571854 
0.03168635070323944 
0.04225734621286392 
0.03324832394719124 
0.04439288005232811 
0.042161356657743454 
0.05432816594839096 
0.04838024824857712 
0.04289766401052475 
0.05703606456518173 
0.05058984458446503 
0.051824845373630524 
0.04431682825088501 
0.04070625081658363 
0.05853623151779175 
0.03703141212463379 
0.04251735284924507 
0.045390643179416656 
0.04704681783914566 
0.032445672899484634 
0.04869398474693298 
0.041430000215768814 
0.04018570855259895 
0.03643393889069557 
0.044524457305669785 
0.048613954335451126 
0.028261922299861908 
0.04737972095608711 
0.037197619676589966 
0.04933403432369232 
0.0364641509950161 
0.03311202675104141 
0.03443523496389389 
0.05232229828834534 
0.03875125199556351 
0.0408647321164608 
0.041342850774526596 
0.03165966272354126 
0.043340664356946945 
0.03364012762904167 
0.03426084294915199 
0.03228761628270149 
0.04556119441986084 
0.030998598784208298 
0.03207430988550186 
0.037775374948978424 
0.034721679985523224 
0.04359772801399231 
0.0489189550280571 
0.04206124320626259 
0.044699519872665405 
0.03236979991197586 
0.03779400885105133 
0.03165498375892639 
0.039640434086322784 
0.045136287808418274 
0.03579363971948624 
0.03761487454175949 
0.040025658905506134 
0.04412031173706055 
0.039419133216142654 
0.044543661177158356 
0.04369877651333809 
0.036189258098602295 
0.040057480335235596 
0.033512357622385025 
0.036945659667253494 
0.032475344836711884 
0.030240682885050774 
0.030749034136533737 
0.03208424523472786 
0.03259105980396271 
0.026246145367622375 
0.03837825730443001 
0.036587510257959366 
0.03407514840364456 
0.027918551117181778 
0.036780089139938354 
0.04182767868041992 
0.032037876546382904 
0.026967767626047134 
0.03335994482040405 
0.03519446775317192 
0.03809771686792374 
0.03354674577713013 
0.0286224614828825 
0.03748427331447601 
0.028060313314199448 
0.03476224094629288 
0.03020758181810379 
0.030179236084222794 
0.03453158587217331 
0.031722404062747955 
0.04447728395462036 
0.03817717358469963 
0.037970349192619324 
0.02602868154644966 
0.03477885201573372 
0.03189054876565933 
0.035951077938079834 
0.03661736100912094 
0.04410036653280258 
0.0325956866145134 
0.03960338979959488 
0.0371839813888073 
0.028780218213796616 
0.03805697336792946 
0.030032694339752197 
0.029363099485635757 
0.026078032329678535 
0.040240976959466934 
0.03317667916417122 
0.029775356873869896 
0.02053981088101864 
0.025117017328739166 
0.03434639424085617 
0.033985890448093414 
0.03519519418478012 
0.02771705389022827 
0.032705992460250854 
0.031150497496128082 
0.037700019776821136 
0.027372755110263824 
0.02667059935629368 
0.026128534227609634 
0.0390499085187912 
0.03356877714395523 
0.03230397775769234 
0.026013698428869247 
0.03673659637570381 
0.03493228182196617 
0.029465051367878914 
0.0376131609082222 
0.0318458117544651 
0.027819326147437096 
0.037368983030319214 
0.029468784108757973 
0.027853714302182198 
0.020304791629314423 
0.029208144173026085 
0.028592752292752266 
0.030766012147068977 
0.032626718282699585 
0.03223570063710213 
0.030627258121967316 
0.02680201455950737 
0.025088228285312653 
0.02134867198765278 
0.03511335700750351 
0.02931857481598854 
0.03555949404835701 
0.033855993300676346 
0.02542516216635704 
0.02618260867893696 
0.029538821429014206 
0.027563616633415222 
0.028969235718250275 
0.028493864461779594 
0.024120906367897987 
0.03340759500861168 
0.02932152897119522 
0.030904851853847504 
0.02568739280104637 
0.03746216371655464 
0.028078878298401833 
0.03544711321592331 
0.03545694053173065 
0.027988508343696594 
0.036562781780958176 
0.02708176150918007 
0.02584751881659031 
0.0328635610640049 
0.027065716683864594 
0.025682587176561356 
0.03253041207790375 
0.029444420710206032 
0.028026890009641647 
0.0285085029900074 
0.027827095240354538 
0.030821392312645912 
0.029788359999656677 
0.021292906254529953 
0.026585815474390984 
0.029165184125304222 
0.022076744586229324 
0.02801130712032318 
0.027277730405330658 
0.02623528614640236 
0.03208977356553078 
0.031163444742560387 
0.024236705154180527 
0.02251482382416725 
0.030621405690908432 
0.02712734416127205 
0.029408281669020653 
0.025593280792236328 
0.026633020490407944 
0.03192170709371567 
0.02648223005235195 
0.029849769547581673 
0.029794689267873764 
0.02268528938293457 
0.027562137693166733 
0.020645495504140854 
0.018546506762504578 
0.027174893766641617 
0.02158724144101143 
0.024223245680332184 
0.022096794098615646 
0.030611809343099594 
0.024122215807437897 
0.025817617774009705 
0.028117163106799126 
0.030045384541153908 
0.023953095078468323 
0.03263567015528679 
0.02709554322063923 
0.02319873496890068 
0.028497889637947083 
0.027095183730125427 
0.025853676721453667 
0.023841900750994682 
0.026522468775510788 
0.02938629686832428 
0.024395981803536415 
0.024812983348965645 
0.021442022174596786 
0.0176558718085289 
0.02436443418264389 
0.020951982587575912 
0.02530273050069809 
0.022966720163822174 
0.019987676292657852 
0.018070103600621223 
0.023771943524479866 
0.019542578607797623 
0.02389722317457199 
0.025032205507159233 
0.017901655286550522 
0.02870619297027588 
0.020153826102614403 
0.018053986132144928 
0.02773391827940941 
0.024990111589431763 
0.018995976075530052 
0.02568945661187172 
0.02554144524037838 
0.02829117327928543 
0.026255562901496887 
0.022369956597685814 
0.020536957308650017 
0.02527078054845333 
0.029772380366921425 
0.022907905280590057 
0.026930533349514008 
0.02649468556046486 
0.020194824784994125 
0.02579394355416298 
0.022066166624426842 
0.018677368760108948 
0.040117297321558 
0.020474202930927277 
0.02222277969121933 
0.028412966057658195 
0.02412472292780876 
0.04142338037490845 
0.022087914869189262 
0.0275589432567358 
0.022724783048033714 
0.03253823518753052 
0.025445736944675446 
0.021307960152626038 
0.020821310579776764 
0.022090500220656395 
0.02822243981063366 
0.023636871948838234 
0.022051891312003136 
0.02146347239613533 
0.015309147536754608 
0.023186011239886284 
0.023695942014455795 
0.024411238729953766 
0.022384123876690865 
0.02155061811208725 
0.022676868364214897 
0.01593795418739319 
0.02271059900522232 
0.01910364255309105 
0.024819334968924522 
0.0207742378115654 
0.02484084665775299 
0.021305276080965996 
0.022592879831790924 
0.017841685563325882 
0.022385478019714355 
0.0213009063154459 
0.022082796320319176 
0.019122423604130745 
0.019281450659036636 
0.022848982363939285 
0.016844728961586952 
0.022035755217075348 
0.02254827693104744 
0.024687517434358597 
0.015951283276081085 
0.01885884255170822 
0.018397774547338486 
0.019398221746087074 
0.01646406389772892 
0.02073991671204567 
0.02485181763768196 
0.021100178360939026 
0.021341128274798393 
0.01752076856791973 
0.019000094383955002 
0.023623313754796982 
0.018710564821958542 
0.019723307341337204 
0.020526770502328873 
0.01884775422513485 
0.02108827978372574 
0.021456971764564514 
0.02177286520600319 
0.024089699611067772 
0.02304084226489067 
0.022499006241559982 
0.028548650443553925 
0.021796055138111115 
0.02456110715866089 
0.0208158977329731 
0.0337376669049263 
0.02922433614730835 
0.023646622896194458 
0.0201733335852623 
0.016711223870515823 
0.02406131848692894 
0.024526044726371765 
0.01837804540991783 
0.02035888284444809 
0.021739128977060318 
0.021041706204414368 
0.022298326715826988 
0.02412852831184864 
0.01038428582251072 
0.01922009512782097 
0.020329341292381287 
0.014457606710493565 
0.015411156229674816 
0.027963342145085335 
0.020516864955425262 
0.028142321854829788 
0.023289397358894348 
0.022632863372564316 
0.021726492792367935 
0.029602978378534317 
0.022980408743023872 
0.030434297397732735 
0.027188731357455254 
0.01925559714436531 
0.021679319441318512 
0.025313852354884148 
0.022683141753077507 
0.021941859275102615 
0.022404642775654793 
0.02356324903666973 
0.02606261521577835 
0.023504016920924187 
0.024519145488739014 
0.019465725868940353 
0.019843727350234985 
0.018140103667974472 
0.019006062299013138 
0.02395249344408512 
0.03254442662000656 
0.01960599794983864 
0.026854507625102997 
0.024155929684638977 
0.025593426078557968 
0.028060201555490494 
0.023586418479681015 
0.028325077146291733 
0.021117007359862328 
0.024612540379166603 
0.025031803175807 
0.022027404978871346 
0.022843020036816597 
0.015338990837335587 
0.01925468072295189 
0.02892337553203106 
0.02271437458693981 
0.021091289818286896 
0.019789069890975952 
0.024619292467832565 
0.027744019404053688 
0.019540147855877876 
0.020226001739501953 
0.02467595785856247 
0.02167961746454239 
0.026024146005511284 
0.027345335111021996 
0.018896251916885376 
0.021831247955560684 
0.021410498768091202 
0.018720852211117744 
0.033985722810029984 
0.021699633449316025 
0.027269963175058365 
0.026664061471819878 
0.025910869240760803 
0.024170752614736557 
0.02345903217792511 
0.03084091655910015 
0.024507589638233185 
0.02346143126487732 
0.02366241253912449 
0.02244810201227665 
0.02881528064608574 
0.030012203380465508 
0.028253881260752678 
0.02804921194911003 
0.019302207976579666 
0.025797901675105095 
0.02539762482047081 
0.020025575533509254 
0.023830603808164597 
0.018944857642054558 
0.028474625200033188 
0.021083926782011986 
0.01553945243358612 
0.024088680744171143 
0.017869383096694946 
0.0183207169175148 
0.015320339240133762 
0.024723101407289505 
0.019872020930051804 
0.02435891516506672 
0.019332440569996834 
0.018154269084334373 
0.019973956048488617 
0.017681781202554703 
0.017568111419677734 
0.020919939503073692 
0.015745578333735466 
0.03083907440304756 
